0 1
0.030303 0.957354
0.0606061 0.914776
0.0909091 0.872334
0.121212 0.830097
0.151515 0.788131
0.181818 0.746506
0.212121 0.70529
0.242424 0.66455
0.272727 0.624354
0.30303 0.584771
0.333333 0.545869
0.363636 0.507715
0.393939 0.470379
0.424242 0.433927
0.454545 0.398428
0.484848 0.36395
0.515152 0.330561
0.545455 0.29833
0.575758 0.267323
0.606061 0.23761
0.636364 0.209259
0.666667 0.182336
0.69697 0.156911
0.727273 0.133052
0.757576 0.110826
0.787879 0.0903025
0.818182 0.0715483
0.848485 0.0546319
0.878788 0.0396215
0.909091 0.026585
0.939394 0.0155905
0.969697 0.00670618
1 0
1.0303 -0.00449184
1.06061 -0.00686072
1.09091 -0.00722996
1.12121 -0.00572284
1.15152 -0.00246264
1.18182 0.00242732
1.21212 0.00882377
1.24242 0.0166034
1.27273 0.025643
1.30303 0.0358191
1.33333 0.0470085
1.36364 0.059088
1.39394 0.0719342
1.42424 0.0854239
1.45455 0.0994336
1.48485 0.11384
1.51515 0.12852
1.54545 0.143351
1.57576 0.158208
1.60606 0.172969
1.63636 0.187511
1.66667 0.201709
1.69697 0.215442
1.72727 0.228585
1.75758 0.241015
1.78788 0.252609
1.81818 0.263243
1.84848 0.272795
1.87879 0.281141
1.90909 0.288158
1.93939 0.293722
1.9697 0.297711
2 0.3
2.0303 0.300505
2.06061 0.299296
2.09091 0.29648
2.12121 0.292166
2.15152 0.28646
2.18182 0.279472
2.21212 0.271308
2.24242 0.262077
2.27273 0.251887
2.30303 0.240845
2.33333 0.22906
2.36364 0.216639
2.39394 0.20369
2.42424 0.190321
2.45455 0.17664
2.48485 0.162755
2.51515 0.148773
2.54545 0.134803
2.57576 0.120953
2.60606 0.107329
2.63636 0.0940415
2.66667 0.0811966
2.69697 0.0689026
2.72727 0.0572675
2.75758 0.0463991
2.78788 0.0364054
2.81818 0.0273941
2.84848 0.0194732
2.87879 0.0127505
2.90909 0.00733399
2.93939 0.00333147
2.9697 0.000850848
3 0
